Lesson 01
00000000000000
00000000000000
00010010000000
00000000000000

00000000000000
00000000000000
00000000000000
00000000000000

Lesson 02
00000000000000
00000000000000
00100001000000
00000000000000

00000000000000
00000000000000
00000000000000
00000000000000

Lesson 03
00000000000000
00000000000000
01000000100000
00000000000000

00000000000000
00000000000000
00000000000000
00000000000000

Lesson 04
00000000000000
00000000000000
10000000010000
00000000000000

00000000000000
00000000000000
00000000000000
00000000000000

Lesson 05
00000000000000
00000000000000
11110000000000
00000000000000

00000000000000
00000000000000
00000000000000
00000000000000

Lesson 06
00000000000000
00000000000000
00000011110000
00000000000000

00000000000000
00000000000000
00000000000000
00000000000000

Lesson 07
00000000000000
00000000000000
00001100000000
00000000000000

00000000000000
00000000000000
00000000000000
00000000000000

Lesson 08
00000000000000
00000000000000
11111000000000
00000000000000

00000000000000
00000000000000
00000000000000
00000000000000

Lesson 09
00000000000000
00000000000000
00000111110000
00000000000000

00000000000000
00000000000000
00000000000000
00000000000000

Lesson 10
00000000000000
00000000000000
11111111110000
00000000000000

00000000000000
00000000000000
00000000000000
00000000000000

Lesson 11
00000000000000
00010010000000
00000000000000
00000000000000

00000000000000
00000000000000
00000000000000
00000000000000

Lesson 12
00000000000000
00100001000000
00000000000000
00000000000000

00000000000000
00000000000000
00000000000000
00000000000000

Lesson 13
00000000000000
01000000100000
00000000000000
00000000000000

00000000000000
00000000000000
00000000000000
00000000000000

Lesson 14
00000000000000
10000000010000
00000000000000
00000000000000

00000000000000
00000000000000
00000000000000
00000000000000

Lesson 15
00000000000000
11110000000000
00000000000000
00000000000000

00000000000000
00000000000000
00000000000000
00000000000000

Lesson 16
00000000000000
00000011110000
00000000000000
00000000000000

00000000000000
00000000000000
00000000000000
00000000000000

Lesson 17
00000000000000
00001100000000
00000000000000
00000000000000

00000000000000
00000000000000
00000000000000
00000000000000

Lesson 18
00000000000000
11111000000000
00000000000000
00000000000000

00000000000000
00000000000000
00000000000000
00000000000000

Lesson 19
00000000000000
00000111110000
00000000000000
00000000000000

00000000000000
00000000000000
00000000000000
00000000000000

Lesson 20
00000000000000
11111111110000
00000000000000
00000000000000

00000000000000
00000000000000
00000000000000
00000000000000

Lesson 21
00000000000000
00000000000000
00000000000000
00001001000000

00000000000000
00000000000000
00000000000000
00000000000000

Lesson 22
00000000000000
00000000000000
00000000000000
00010000100000

00000000000000
00000000000000
00000000000000
00000000000000

Lesson 23
00000000000000
00000000000000
00000000000000
00100000010000

00000000000000
00000000000000
00000000000000
00000000000000

Lesson 24
00000000000000
00000000000000
00000000000000
01000000001000

00000000000000
00000000000000
00000000000000
00000000000000

Lesson 25
00000000000000
00000000000000
00000000000000
01111000000000

00000000000000
00000000000000
00000000000000
00000000000000

Lesson 26
00000000000000
00000000000000
00000000000000
00000001111000

00000000000000
00000000000000
00000000000000
00000000000000

Lesson 27
00000000000000
00000000000000
00000000000000
00000110000000

00000000000000
00000000000000
00000000000000
00000000000000

Lesson 28
00000000000000
00000000000000
00000000000000
01111100000000

00000000000000
00000000000000
00000000000000
00000000000000

Lesson 29
00000000000000
00000000000000
00000000000000
00000011111000

00000000000000
00000000000000
00000000000000
00000000000000

Lesson 30
00000000000000
00000000000000
00000000000000
01111111111000

00000000000000
00000000000000
00000000000000
00000000000000

Lesson 31
00000000000000
11111111110000
11111111110000
01111111111000

00000000000000
00000000000000
00000000000000
00000000000000

Lesson 32
01111000000000
00000000000000
00000000000000
00000000000000

00000000000000
00000000000000
00000000000000
00000000000000

Lesson 33
00000001111000
00000000000000
00000000000000
00000000000000

00000000000000
00000000000000
00000000000000
00000000000000

Lesson 34
01111001111000
00000000000000
00000000000000
00000000000000

00000000000000
00000000000000
00000000000000
00000000000000

Lesson 35
01111111111000
00000000000000
00000000000000
00000000000000

00000000000000
00000000000000
00000000000000
00000000000000

Lesson 36
01111111111000
11111111110000
11111111110000
01111111111000

00000000000000
00000000000000
00000000000000
00000000000000

Lesson 37
00000000000000
00000000000000
00000000000000
00000000000000

01111000000000
00000000000000
00000000000000
00000000000000

Lesson 38
00000000000000
00000000000000
00000000000000
00000000000000

00000001111000
00000000000000
00000000000000
00000000000000

Lesson 39
00000000000000
00000000000000
00000000000000
00000000000000

01111001111000
00000000000000
00000000000000
00000000000000

Lesson 40
10000000000111
00000000000000
00000000000000
00000000000000

10000110000111
00000000000000
00000000000000
00000000000000

Lesson 41
10000000000111
00000000000000
00000000000000
00000000000000

11111111111111
00000000000000
00000000000000
00000000000000

Lesson 42
00000000000000
11100000001110
00000000001100
01000000000000

00000000000000
11100000001110
00000000001100
01000000000000

Lesson 43
00000000000000
11100000000000
00000000010000
11000000111100

00000000000000
11100000000000
00000000010000
11000000111100

